3
000
000
000
4
2331
1213
1231
3110
4
3332
1213
1232
2120
5
11111
11111
11111
11111
11111
35
11111111111111111111111111111111111
11111111111111111111111111111111111
11111111111111111111111111111111111
11111111111111111111111111111111111
11111111111111111111111111111111111
11111111111111111111111111111111111
11111111111111111111111111111111111
11111111111111111111111111111111111
11111111111111111111111111111111111
11111111111111111111111111111111111
11111111111111111111111111111111111
11111111111111111111111111111111111
11111111111111111111111111111111111
11111111111111111111111111111111111
11111111111111111111111111111111111
11111111111111111111111111111111111
11111111111111111111111111111111111
11111111111111111111111111111111111
11111111111111111111111111111111111
11111111111111111111111111111111111
11111111111111111111111111111111111
11111111111111111111111111111111111
11111111111111111111111111111111111
11111111111111111111111111111111111
11111111111111111111111111111111111
11111111111111111111111111111111111
11111111111111111111111111111111111
11111111111111111111111111111111111
11111111111111111111111111111111111
11111111111111111111111111111111111
11111111111111111111111111111111111
11111111111111111111111111111111111
11111111111111111111111111111111111
11111111111111111111111111111111111
11111111111111111111111111111111111
4
2222
2222
2222
2222
4
6111
1111
1111
1111
4
1111
1111
1113
1131
-1